Name,ID
Alana,346
Alejandro,349
Alexa,308
Anna,326
Avery,348
Blake,339
Brady,331
Brooke,318
Caitlin,304
Cesar,332
Charles,327
Chase,333
Claire,337
Cole,317
Colin,311
Daisy,316
Derek,323
Eli,309
Elias,303
Elijah,341
Ella,306
Emmanuel,335
Faith,338
Gage,329
Hannah,330
Hope,340
Ian,319
Isabelle,322
Ivan,314
Jesus,342
Jonathan,345
Leah,301
Levi,313
Lily,328
Mackenzie,315
Madelyn,334
Malachi,320
Manuel,350
Maxwell,343
Nicholas,307
Paige,305
Patrick,324
Peyton,310
Rebecca,312
Riley,347
Samantha,344
Seth,336
Skylar,302
Victoria,325
Zachary,321
